time 5
Infinity
50
3.8
7
10.1
11.8
14.1
16.4
18
19.5
20.7
21.8
22.7
23.4
24.1
24.5
25.3
25.6
25.8
25.3
25.5
25.7
25.9
26.1
26.2
26.4
26.4
26.3
26.4
26.6
26.6
26.7
26.6
26.5
26.5
26.4
26.4
26.4
26.4
26.5
25.9
26.2
26.3
26.4
26.5
26.5
26.5
26.5
26.4
26.4
26.3
26.3
26.4
26.5
26.5
26.5
26.8
26.8
26.8
26.6
26.6
26.5
25.9
26
26.2
26.3
26.4
26.7
26.6
26.5
26.6
26.6
26.7
26.6
26.6
26.6
26.7
26.7
26.8
26.7
26.7
26.8
26.8
26.7
26
26.1
26.2
26.3
26.4
26.5
26.5
26.5
26.5
26.5
26.8
26.9
26.9
26.8
26.7
26.7
26.6
26.6
26.6
26.6
26.6
25.8
26.2
26.2
26.2
26.3
26.3
26.3
26.2
26.2
26.2
26.3
26.3
26.4
26.3
26.3
26.3
26.5
26.5
26.4
26.5
26.5
26.4
time 5
25.8
24
24.3
24.7
25
25.2
25.7
25.9
25.9
25.9
26
26
26
26
26
26
26.1
26.2
26.3
26.5
26.5
26.4
25.8
25.9
25.9
26
26
26
26
26.1
26.1
26.1
26.5
26.5
26.4
26.4
26.4
26.3
26.3
26.3
26.4
26.4
26.5
25.8
26.1
26.1
26.2
26.2
26.2
26.3
26.2
26.2
26.2
26.2
26.3
26.3
26.3
26.2
26.2
26.6
26.6
26.6
26.6
26.6
26.4
25.9
26
26.1
26.2
26.4
26.7
26.6
26.6
26.6
26.6
26.6
26.5
26.6
26.6
26.6
26.6
26.5
26.5
26.5
26.8
26.7
26.7
26
26.1
26.1
26.2
26.2
26.1
26.2
26.2
26.3
26.3
26.5
26.5
26.5
26.5
26.5
26.5
26.4
26.5
26.5
26
26.2
25.6
26
26.1
26.2
26.2
26.3
26.3
26.4
26.3
26.4
26.4
26.4
26.4
26.3
26.4
26.3
26.7
26.7
26.7
26.6
26.6
26.6
26
time 5
26
26
26
26.2
26.5
26.6
26.5
26.5
26.4
26.5
26.5
26.4
26.3
26.4
26.4
26.3
26.1
26.2
26.5
26.4
26.4
25.7
25.8
25.9
26.1
26.2
26.4
26.4
26.4
26.4
26.3
26.6
26.5
26.4
26.6
26.6
26.5
26.3
26.4
26.3
26.3
26.3
25.7
26.1
26.2
26.4
26.4
26.4
26.4
26.4
26.3
26.4
26.3
26.3
26.2
26.3
26.4
26.4
26.7
26.7
26.6
26.6
26.5
26.4
25.8
25.9
25.9
25.9
26
26.3
26.3
26.2
26.3
26.2
26.2
26.2
26.2
26.2
26.1
26.2
26.2
26.3
26.4
26.7
26.7
26.7
25.9
26
26.1
26.2
26.1
26.2
26.3
26.2
26.2
26.2
26.3
26.3
26.4
26.4
26.4
26.4
26.4
26.4
26.4
26.5
26.4
25.7
26.1
26.1
26
26.1
26.1
26.2
26.1
26
26
26
26.1
26.3
26.2
26.3
26.3
26.6
26.6
26.5
26.5
26.5
26.3
25.8
25.9
25.3
time 5
25.2
25.4
25.9
25.9
26
26.1
26.2
26.1
26
26.1
26.1
26.1
26.2
26.2
26.2
26.2
26.5
26.5
26.4
25.8
25.9
26
26.2
26.2
26.2
26.2
26.2
26.3
26.1
26.5
26.4
26.5
26.4
26.3
26.3
26.3
26.4
26.4
26.4
26.3
25.7
26
26.1
26.3
26.3
26.3
26.3
26.3
26.2
26.3
26.3
26.4
26.5
26.4
26.4
26.3
26.5
26.5
26.4
26.4
26.4
26.4
25.8
25.9
25.9
26
26.1
26.4
26.4
26.4
26.4
26.3
26.3
26.2
26.2
26.2
26.3
26.3
26.2
26.2
26.2
26.5
26.4
26.5
25.8
25.9
26
26
26
26.1
26.1
26.2
26.2
26.5
26.4
26.4
26.4
26.4
26.3
26.3
26.3
26.3
26.3
26.3
26.3
25.7
26
26.2
26.2
26.2
26.2
26.2
26.1
26.1
26.2
26.2
26.3
26.2
26.2
26.3
26.2
26.5
26.5
26.3
26.3
26.2
26.2
25.7
25.7
25.9
26
time 5
25.9
26.3
26.2
26.2
26.2
26.3
26.3
26.3
26.2
26.2
26.2
26.2
26.2
26.3
26.3
26.5
26.4
26.4
25.7
25.8
25.9
26.1
25.9
26
26
26
26.1
26.1
26.4
26.4
26.4
26.4
26.3
26.2
26.2
26.2
25.9
24.9
24.3
24.1
22.5
21.9
21.2
20.4
21.3
22.1
22.9
23.4
24.2
24.6
24.9
25.1
25.2
25.4
25.5
25.8
25.9
26
26
26
26.3
26.3
25.6
25.7
25.7
25.8
25.9
26
26
26
26
26
26
26
26.3
26.3
26.2
26.2
26.3
26.3
26.2
26.2
26.1
25.5
25.6
25.8
26.1
26.1
26
26.1
26.1
26.2
26.1
26
26
26
26.1
26
26.1
26.1
26.1
26.3
26.4
26.3
26.3
25.7
25.8
25.8
25.9
26.1
26.2
26.2
26.2
26.2
26.6
26.6
26.5
26.4
26.4
26.2
26.3
26.2
26.3
26.3
26.4
26.4
26.7
25.9
time 5
Infinity
50
3.6
6.5
9.1
11.4
13.3
15
16.3
17.5
18.4
19.1
19.7
20.2
20.6
20.4
20.8
20.9
21.2
21.4
21.5
21.6
21.6
21.8
21.9
21.8
21.9
22
21.8
21.5
21.7
21.7
21.8
21.9
21.8
21.9
21.8
21.9
21.8
21.7
21.8
21.8
21.6
21.7
21.4
21.4
21.6
21.6
21.6
21.7
21.6
21.7
21.8
21.7
21.8
21.9
21.8
21.9
21.9
21.4
21.5
21.6
21.5
21.7
21.5
21.7
21.8
21.7
21.8
21.6
21.7
21.8
21.8
21.2
21.4
21.6
21.4
21.5
20.8
21.1
21.2
21.2
21.4
21.5
21.5
21.6
21.7
21.6
21.2
21.3
21.2
21.4
21.4
21.5
21.6
21.6
21.6
21.7
21.6
21.7
21.8
21.6
21.6
21.3
21.3
time 5
21.3
21.2
21.4
21.5
21.5
21.5
21.7
21.6
21.6
21.6
21.4
21.5
21.6
21.2
21.3
21.3
21.5
21.6
21.4
21.6
21.5
21.7
21.8
21.6
21.6
21.8
21.6
21.3
21.5
21.3
21.5
21.4
21.5
21.6
21.4
21.5
21.6
21.6
21.6
21.7
21.6
21.7
21.3
21.3
21.4
21.4
21.4
21.6
21.4
21.6
21.5
21.6
21.6
21.5
21.5
21.7
21.7
21
21.3
21.3
21.3
21.4
21.4
21.5
21.4
21.6
21.6
21.5
21.6
21.7
21.6
21.3
21.4
21.4
21.5
21.5
21.5
21.7
21.7
21.7
21.8
21.6
21.6
21.7
21.6
21.7
21.4
21.4
21.5
21.5
21.6
21.7
21.6
21.7
21.6
21.7
21.7
21.6
21.6
21.7
21.2
21.3
21.5
21.5
21.6
20.8
20.9
time 5
21.1
21.1
21.3
21.2
21.3
21.4
21.3
21.5
21.1
21.2
21.3
21.4
21.3
21.4
21.3
21.4
21.5
21.3
21.3
21.4
21.3
21.4
21.5
20.9
21.1
21.1
21.2
21.3
21.2
21.3
21.2
21.3
21.4
21.2
21.3
21.3
21.3
21
21.1
21.1
21.3
21.3
21.5
21.6
21.5
21.5
21.5
21.5
21.7
21.8
21.6
21.7
21.2
21.2
21.3
21.2
21.4
21.3
21.5
21.5
21.4
21.5
21.6
21.4
21.5
21.6
20.9
21
21.3
21.1
21.3
21.2
21.3
21.3
21.3
21.3
21.3
21.3
21.5
21.5
21.4
20.9
21.1
21
21.2
21.2
21.3
21.3
21.4
21.5
21.4
21.6
21.7
21.6
21.6
21.2
19.7
19.2
18.9
18.1
17.6
18.3
18.8
19.3
19.8
time 5
Infinity
50
3.4
5.7
7.5
8.9
10.1
10.9
11.6
12.2
12.6
12.7
13
13.3
13.3
13.5
13.6
13.7
13.8
13.8
13.8
13.9
13.8
13.8
13.8
13.8
13.8
13.9
13.9
13.9
13.9
14
14
13.9
13.8
13.8
13.8
13.9
13.8
13.9
13.8
13.8
13.8
13.8
13.7
13.7
13.5
13.5
13.5
13.5
13.6
13.5
13.5
13.6
13.6
13.5
13.6
13.4
13.4
13.4
13.6
13.5
13.6
13.6
13.6
13.6
13.6
time 5
13.6
13.5
13.4
13.5
13.6
13.6
13.6
13.7
13.7
13.8
13.8
13.8
13.9
13.7
13.7
13.8
13.8
13.8
13.7
13.8
13.8
13.8
13.7
13.8
13.8
13.7
13.7
13.8
13.8
13.8
13.9
13.9
13.9
13.9
14
14
14
13.8
13.8
13.9
13.9
14
14
14
14.1
14
14
14
13.8
13.9
13.9
14
14
14
14
14
14
14
14.1
14.1
13.9
14
13.9
14
14
14
14.1
14.1
14.1
14.1
time 5
14
13.7
13.8
13.9
13.9
13.9
13.9
14
14
14
14
14
14
13.8
13.8
13.9
13.9
13.9
13.9
14
13.9
14
14
13.9
14
13.7
13.8
13.8
13.8
13.9
13.9
13.8
13.9
13.9
13.9
14
13.8
13.8
13.7
13.8
13.8
13.8
13.9
13.9
13.9
14
14
14
13.8
13.8
14
14
13.9
13.9
13.9
13.9
13.9
14
14
13.8
13.9
13.9
13.9
13.9
13.9
14
14
14
14.1
time 5
14
14
13.9
13.9
13.9
14
14
14.1
14
14
14.1
14.2
14.1
14.2
14
14
14
14
14.1
14.1
14.1
14.1
14.1
14.1
14.1
13.9
14
14
14.1
14.1
14
14
14.1
14.1
14.1
14.2
14.1
13.9
14
14.1
14.1
14.1
14
14.1
14
14.1
14
14.1
13.5
13.1
12.8
12.8
12.5
12.2
12.5
12.8
13
13.3
13.4
13.6
13.5
13.6
13.7
13.8
13.9
13.9
13.9
13.9
14
time 5
Infinity
50
3.4
5.7
7.5
8.9
10
10.9
11.6
12
12.4
12.8
13.1
13.4
13.6
13.7
13.9
14
13.8
13.9
14
14.1
14
14.1
14.1
14.2
14.2
14.2
14.1
14.1
14.1
14.1
14.2
14.2
14.2
14.2
14.3
14.1
14.1
14.1
14.2
14.1
14.2
14.1
14.2
14.2
14
14
14
14
14
14
14
14
14
14
13.8
13.8
13.8
13.9
13.8
13.7
13.8
13.8
13.8
13.7
13.7
13.8
time 5
Infinity
50
3.6
6.4
9
11.2
13
14.6
15.9
16.7
17.6
18.3
18.9
19.4
19.8
20.1
20.4
20.6
20.8
20.6
20.7
20.9
21
21.1
21.1
21.1
21.2
21.3
21.3
20.9
21
21.1
21.2
21.2
21.2
21.3
21.3
21.3
21.3
20.9
21
21.1
21.1
21.2
21.2
21.3
21.4
21.4
21.4
21
21.2
21.3
21.3
21.3
21.4
21.4
21.4
21.5
21.5
21.1
21.2
21.3
21.3
21.3
21.3
21.3
21.5
21.5
21.5
21.1
21.2
21.4
21.5
21.5
21.5
21.5
21.5
21.6
21.6
21.2
21.3
21.4
21.5
21.5
21.6
21.6
21.5
21.6
21.6
21.1
21.3
21.4
21.4
21.4
21.6
21.6
21.7
21.7
21.7
21.3
21.4
21.5
21.6
time 5
21.7
21.5
21.5
21.5
21.6
21.6
21.3
21.4
21.6
21.7
21.7
21.7
21.8
21.8
21.8
21.8
21.4
21.4
21.6
21.7
21.7
21.7
21.7
21.7
21.7
21.8
21.4
21.5
21.6
21.7
21.7
21.7
21.7
21.7
21.8
21.8
21.4
21.6
21.7
21.8
21.8
21.8
21.8
21.8
21.9
21.9
21.5
21.6
21.8
21.9
21.9
21.9
21.9
22
22
22.1
21.7
21.8
21.9
22
22
22
22
21.8
21.8
21.8
21.5
21.5
21.6
21.7
21.8
21.8
21.9
21.9
21.9
21.9
21.6
21.7
21.8
21.8
21.9
21.9
21.9
21.9
21.9
21.9
21.5
21.5
21.6
21.7
21.7
21.7
21.7
21.7
21.7
21.7
21.4
21.5
21.6
21.8
21.8
21.9
21.9
22
22
22
21.6
21.7
21.9
time 5
21.8
21.8
21.9
21.9
22
22.1
22.1
21.7
21.8
21.9
21.9
22
22.1
22.2
22.2
22.2
22.3
21.8
21.9
22
22
22.1
22.2
22.2
22.2
22.3
22.3
21.9
22
22.1
22.1
22.2
22.3
22.3
22.3
22.4
22.4
22.1
22.1
22.2
22.3
22.3
22.3
22.3
22.4
22.4
22.4
22.1
22.2
22.2
22.3
22.3
22.4
22.5
22.5
22.5
22.5
22.1
22.2
22.2
22.3
22.3
22.4
22.4
22.5
22.5
22.6
22.2
22.2
22.3
22.2
22.2
22.3
22.3
22.4
22.5
22.5
22.2
22.4
22.3
22.4
22.4
22.5
22.5
22.5
22.4
22.5
22.1
22.2
22.2
22.2
22.2
22.2
22.3
22.3
22.3
22.3
22
22.1
22.2
22.3
22.4
22.4
22.4
22.5
22.5
22.5
22.1
22.2
22.2
22.3
time 5
22.4
22.3
22.3
22.4
22.4
22.4
22
22.1
22.2
22.2
22.2
22.2
22.3
22.3
22.4
22.4
22
22.1
22
22.1
22.2
22.3
22.3
22.3
22.4
22.1
22.2
22.3
22.4
22.4
22.4
22.4
22.4
22.4
22.4
22
22.2
22.3
22.3
22.3
22.3
22.3
22.4
22.3
22.3
22.1
22.1
22.2
22.1
22.2
22.1
22.2
22.3
22.3
22.3
22
22.1
22.2
22.3
22.3
22.3
22.4
22.4
22.3
22.3
22
22
22.1
22.2
22.2
22.1
22.2
22.3
22.3
22.2
21.8
22
22.1
22.1
22.1
22.2
22.3
22.3
22.2
22.3
21.9
22
22.1
22.1
22.2
22.1
22.3
22.3
22.3
22.2
21.8
22
22
22.1
22.1
22.1
22.1
22.2
22.2
22.1
21.7
21.8
21.9
22
22
22
time 5
22.1
22.1
22.2
22.2
21.8
21.9
22
22
22
22.1
22.2
22.2
22.2
22.1
21.7
21.8
21.9
22
22
22.1
22.1
22.2
22.2
22.2
21.8
21.9
22.1
22
22
22
22.1
22.1
22.3
22.3
21.9
22
22.2
22.2
22.3
22.4
22.4
22.5
22.5
22.5
22
22.1
22.2
22.2
22.3
22.3
22.4
22.5
22.5
22.5
22.1
22.2
22.2
22.3
22.4
22.4
22.5
22.5
22.6
22.6
22.2
22.3
22.4
22.5
22.5
22.4
22.5
22.5
22.6
22.5
22
22.1
22.2
22.2
22.2
22.3
22.4
22.4
22.4
22.4
22
22.2
22.2
22.2
22.3
22.4
22.3
22.3
22.4
22.4
22
22.1
22.1
22.2
22.2
22.3
22.3
22.3
22.3
22.3
21.9
22.1
22.1
22.3
22.4
22.4
22.4
time 5
22.5
22.4
22.3
21.9
22.1
22.2
22.3
22.3
22.4
22.4
22.4
22.5
22.5
22.2
22.2
22.3
22.4
22.5
22.6
22.5
22.5
22.6
22.6
22.2
22.3
22.4
22.4
22.5
22.5
22.5
22.5
22.6
22.6
22.2
22.3
22.4
22.5
22.6
22.5
22.5
22.5
22.7
22.6
22.3
22.4
22.3
22.2
22.3
22.4
22.5
22.5
22.5
22.5
21.8
21.8
21.9
22
22.1
22.2
22.2
22.3
22.4
22.4
22
22.2
22.3
22.3
22.4
22.4
22.2
22.2
22.2
22.2
21.9
22
22
22.1
22.2
22.3
22.4
22.4
22.5
22.4
22
22
22.1
22.2
22.3
22.3
22.3
22.3
22.4
22.4
22.1
22.1
22.1
22.2
22.3
22.3
22.4
22.4
22.5
22.5
22
22.1
22.3
22.2
22.3
22.3
22.3
22.3
22.3
time 5
Infinity
50
3.9
6.9
9.7
12.3
14.4
16.4
17.7
19.1
20.4
21.3
22.1
22.8
23.3
23.6
23.8
23.6
24
24.2
24.3
24.4
24.4
24.5
24.5
24.5
24.2
24.2
24.4
24.3
24.3
24.2
24.1
23.7
23.3
23.3
23.4
23.5
23.5
23.6
23.4
23.4
22.9
22.8
22.7
22.7
22.6
22.4
22.4
22.3
21.9
22
21.9
21.8
21.8
21.8
21.7
21.5
21.1
20.3
20.3
20.3
20.3
20.5
20.4
20.1
20.1
20
20.1
20.1
20.2
20.2
19.7
19.3
19.4
19.6
19.6
19.8
19.9
19.7
19.8
20
20
20.1
20.1
19.8
19.6
19.6
19.6
19.4
19.5
19.4
19.1
19.2
19.3
19.4
19.5
19.5
19.4
19.3
19.3
19.2
19.4
19.4
time 5
19.5
19.2
19
19.2
19.3
19.4
19.4
19.5
19.3
19.2
19.2
19.3
19.4
19.6
19.7
19.5
19.5
19.6
19.7
19.8
19.9
20
19.7
19.7
19.8
20
19.9
20
20
19.8
19.8
19.6
19.7
19.8
20
20.1
19.9
20
20
20
20
19.9
20.1
19.8
19.9
19.8
19.9
19.9
19.9
19.9
19.8
19.9
19.9
19.8
19.8
19.6
19.6
19.2
19.3
19.3
19.4
19.5
19.5
19.2
19.3
19.3
19.4
19.4
19.5
19.5
19.2
19.2
19.3
19.3
19.3
19.3
19.4
19.1
19.1
19.1
19.1
19.1
19.1
18.9
19
19
19.1
19.1
19.1
19.1
18.9
18.9
19.1
19.1
19.2
19.2
19.3
19
time 5
Infinity
50
3.8
6.7
9.5
12
14.1
15.9
17.6
18.6
19.7
20.6
21.4
22
22.6
23.1
23.5
23.8
23.4
23.7
23.9
24.1
24.3
24.5
24.5
24.5
24
24
24.3
24.3
24.3
24.4
24.2
24.1
24.1
23.4
23.4
23.3
23.3
23.3
23.3
23.3
23.1
22.7
22.8
22.8
22.7
22.7
22.7
22.8
22.6
22.2
22.2
22.1
22.3
22.2
22.3
22.3
22.2
21.6
21.8
21.8
21.8
21.9
21.9
21.9
21.9
21.5
21.5
21.6
21.5
21.5
21.4
21.4
21
21
21
21.1
21
20.9
20.8
20.7
20.4
20.4
20.4
20.4
20.3
20.3
20.3
20
20
20
19.9
20
20.1
20.2
19.7
19.7
19.7
19.7
19.7
19.8
19.8
19.4
19.4
19.6
time 5
Infinity
50
4
7.1
10
12.7
14.8
16.7
18.2
19.3
20.3
21.2
22
22.6
23.1
23.4
23.7
23.4
23.7
24.1
24.1
24.2
24.1
24.1
24.3
24.2
23.8
23.8
23.6
23.7
23.6
23.7
23.5
23.4
22.9
23
23
23
22.8
22.7
22.8
22.7
22.3
22.1
22.1
22
21.8
21.9
22
21.4
21.4
21.1
21
20.9
20.8
20.8
20.3
20.4
20.4
20.3
20.2
20.2
20.1
19.7
19.9
19.7
19.6
19.5
19.6
19.6
19.3
19.3
19.3
19.4
19.4
19.5
19.4
19
19
19.1
19.1
19
19
19
18.7
18.7
18.7
18.7
18.8
18.9
18.7
18.8
18.8
18.8
18.9
18.9
18.4
18.5
18.5
18.6
18.5
18.5
time 5
Infinity
50
3.7
6.6
9.1
11.6
13.7
15.5
17.2
18.1
19.2
20.2
20.8
21.4
21.9
22.3
22.6
22.4
22.7
22.8
23
23.1
23.2
23.4
23.2
23.3
23
23.1
23.3
23.3
23.5
23.5
23.5
23.4
22.7
22.9
22.8
22.7
22.6
22.7
22.7
22.7
22
22.2
22.1
21.9
21.9
21.8
21.6
21.7
21.3
21.4
21.5
21.4
21.4
21.4
21.4
21.1
21.2
21.1
20.9
21
20.9
20.8
20.7
20.3
20.3
20.4
20.2
20.2
20.2
20.1
19.7
19.7
19.8
19.8
19.5
19.4
18.9
18.9
18.8
18.8
18.9
18.9
18.7
18.3
18.4
18.4
18.3
18.3
18.3
17.9
17.9
18
18.1
18
17.9
17.8
17.6
17.5
17.5
time 5
17.4
17.3
17.3
17.1
17
17.1
17.1
17.1
17.2
17
17
17.1
17.2
17.1
17
16.8
16.9
16.9
16.9
16.8
16.5
16.5
16.5
16.5
16.5
16.4
16.2
16.2
16.2
16.3
16.3
16.4
16.1
16.3
16.3
16.4
16.3
16.4
16.3
16.4
16.4
16.4
16.4
16.3
16.4
16.5
16.6
16.7
16.7
16.5
16.7
16.8
16.9
16.9
17.1
16.8
17
17
17.1
17.2
17.2
17.1
17.2
17.3
17.4
17.5
17.6
17.7
17.6
17.7
17.8
17.9
17.9
18.1
18
17.9
18
18
18.2
18.3
18.4
18.2
18.3
18.4
18.5
time 5
18.5
18.7
18.4
18.3
18.3
18.5
18.6
18.8
18.9
18.8
18.9
18.9
18.9
19
19
19.1
18.7
18.8
18.9
18.9
18.9
19
19
18.7
18.7
18.8
18.7
18.7
18.7
18.4
18.4
18.5
18.5
18.5
18.5
18.4
18.1
18.2
18.4
18.5
18.5
18.5
18.3
18.4
18.6
18.7
18.6
18.7
18.7
18.5
18.6
18.7
18.7
18.7
18.7
18.4
18.5
18.4
18.5
18.5
18.6
18.6
18.3
18.2
18.1
18
18
17.9
17.6
17.6
17.7
17.5
17.6
17.7
17.4
17.7
17.7
17.7
17.8
17.7
17.6
17.2
17.2
17.1
17.1
17.2
16.8
16.9
16.9
16.8
16.8
time 5
16.7
16.5
16.5
16.6
16.6
16.7
16.6
16.4
16.3
16.4
16.3
16.3
16.3
16.2
16.2
16.2
16.3
16.3
16.1
16.3
16.3
16.4
16.5
16.5
16.4
16.3
16.4
16.6
16.7
16.8
16.6
16.7
16.7
16.6
16.8
16.8
16.7
16.8
16.9
17.1
17.2
17.2
17.1
17.3
17.4
17.4
17.4
17.4
17.5
17.4
17.4
17.7
17.8
18
18.1
18
18.1
18.3
18.4
18.5
18.7
18.8
18.5
18.6
18.6
18.5
18.6
18.6
18.6
18.4
18.6
18.6
18.6
18.6
18.7
18.5
18.6
18.5
18.3
18.4
18.5
18.7
18.5
18.6
18.7
18.8
18.9
time 5
18.9
18.8
18.5
18.6
18.8
18.5
18.6
18.6
18.4
18.5
18.6
18.7
18.7
18.8
18.8
18.5
18.6
18.6
18.7
18.8
18.8
18.8
18.5
18.6
18.5
18.6
18.5
18.6
18.4
18.5
18.6
18.7
18.7
18.8
18.9
18.6
18.5
18.5
18.6
18.6
18.6
18.6
18.3
18.4
18.5
18.6
18.6
18.6
18.3
18.3
18.3
18.2
18.2
18.2
18.1
17.9
17.9
17.9
17.8
17.8
17.8
17.5
17.4
17.4
17.4
17.5
17.5
17.3
17.4
17.4
17.4
17.3
17.3
17.1
17.1
17.1
17.1
17
17
16.9
17
16.9
16.9
16.9
16.9
16.7
16.8
16.9
17
17
time 5
17.1
16.8
16.8
16.9
17
17
17.1
17
17
17.1
17.3
17.4
17.5
17.4
17.5
17.5
17.6
17.7
17.8
17.6
17.5
17.6
17.5
17.6
17.6
17.7
17.4
17.3
17.4
17.5
17.5
17.4
17.3
17.4
17.6
17.7
17.8
17.8
17.6
17.6
17.8
17.7
17.9
17.9
17.7
17.9
18
18
18.1
18.1
18.1
17.9
18
18.1
18.1
18.2
18.3
18.1
18.2
18.3
18.5
18.6
18.6
18.8
18.4
18.5
18.6
18.6
18.6
18.7
18.5
18.3
18.3
18.5
18.6
18.7
18.7
18.4
18.6
18.7
18.8
18.9
18.7
18.9
18.7
18.7
18.7
18.8
18.8
18.8
time 5
18.9
18.6
18.6
18.7
18.6
18.6
18.4
18.1
18.3
18.4
18.3
18.3
18.3
18.3
18
17.9
18
17.9
17.9
17.9
17.6
17.7
17.8
17.7
17.7
17.8
17.4
17.6
17.6
17.7
17.5
17.4
17.4
17
17.1
17.1
17.1
17
17.1
16.8
16.9
16.9
16.9
16.9
17
16.7
16.8
16.7
16.8
16.9
16.7
16.8
16.8
16.8
16.7
16.7
16.5
16.6
16.6
16.7
16.8
16.8
16.7
16.7
16.7
16.6
16.7
16.7
16.4
16.5
16.5
16.6
16.6
16.7
16.5
16.5
16.7
16.7
16.8
16.8
16.6
16.7
16.8
16.8
16.8
16.9
time 5
16.7
16.9
16.7
16.7
16.8
16.9
16.7
16.8
16.7
16.7
16.8
17
16.9
16.9
17
16.9
17
17.1
16.9
16.9
16.9
16.9
16.9
17
16.8
16.9
17
17
17.1
17.2
16.9
17
17.1
17
17
16.9
16.7
16.7
16.7
16.7
16.8
16.9
16.6
16.8
16.9
16.9
16.9
17
16.9
17
17.1
17.2
17.2
17.3
17
17.1
17.1
17.2
17.2
17.3
17.1
17.1
17.1
17.2
17.2
17.2
17.1
17.1
17.2
17.3
17.3
17.4
17.1
17.2
17.2
17.3
17.5
17.5
17.1
17.2
17.4
17.5
17.6
17.7
17.5
time 5
17.5
17.5
17.4
17.4
17.3
17.1
17.1
17.1
17.1
17.2
17.3
17
17
17.2
17.4
17.3
17.4
17
17.1
17.2
17.3
17.4
17.6
17.6
17.4
17.5
17.6
17.7
17.7
17.8
17.5
17.7
17.7
17.7
17.7
17.6
17.2
17.3
17.4
17.5
17.6
17.5
17.3
17.4
17.5
17.5
17.7
17.8
17.5
17.6
17.8
17.8
17.8
17.9
18.1
18
18
18.2
18.2
18.2
18.1
17.8
17.9
18
18.1
18.2
18.2
18.2
18.1
18.2
18.2
18.3
18.2
18
17.7
17.7
17.7
17.6
17.5
17.5
17.2
17.1
17.1
17.1
17.2
17.2
16.9
16.9
time 5
16.8
16.8
16.8
16.4
16.2
16.2
16.3
16.3
16.4
16.3
16.2
16.2
16.2
16.3
16.3
16
16
16
15.9
15.9
15.8
15.7
15.7
15.6
15.5
15.7
15.4
15.4
15.4
15.2
15.2
15.1
14.9
14.9
14.7
14.7
14.7
14.5
14.5
14.5
14.5
14.4
14.3
14.5
14.5
14.6
14.6
14.4
14.4
14.5
14.5
14.6
14.5
14.4
14.5
14.6
14.6
14.6
14.6
14.7
14.7
14.8
14.7
14.9
14.9
14.9
14.9
14.9
15
15
15
15.1
15.2
15.1
15.2
time 5
15.4
15.5
15.6
15.4
15.5
15.6
15.6
15.6
15.5
15.5
15.6
15.7
15.8
15.8
15.7
15.7
15.7
15.6
15.6
15.7
15.5
15.7
15.7
15.8
15.9
15.9
15.7
15.8
15.9
15.9
15.9
15.7
15.7
15.8
15.7
15.8
15.7
15.6
15.7
15.9
15.8
16
15.7
15.8
15.8
15.9
16
16
15.7
15.7
15.8
15.8
15.8
15.9
15.6
15.8
15.8
15.9
15.9
15.7
15.7
15.8
15.9
15.9
16
15.8
15.8
15.7
15.7
15.7
15.5
15.6
15.6
15.6
15.6
15.5
15.4
15.4
15.5
time 5
15.5
15.5
15.3
15.4
15.4
15.5
15.5
15.6
15.5
15.5
15.5
15.5
15.6
15.4
15.4
15.5
15.4
15.5
15.6
15.4
15.6
15.6
15.6
15.7
15.5
15.6
15.6
15.6
15.6
15.6
15.4
15.4
15.4
15.4
15.4
15.2
15.4
15.5
15.6
15.6
15.7
15.6
15.7
15.7
15.8
15.7
15.6
15.6
15.7
15.7
15.8
15.8
15.7
15.7
15.7
15.8
15.8
15.5
15.6
15.6
15.6
15.8
15.8
15.6
15.5
15.6
15.7
15.7
15.4
15.5
15.5
15.5
15.6
15.5
15.4
15.5
15.5
15.6
time 5
15.7
15.4
15.6
15.7
15.8
15.8
15.8
15.6
15.6
15.6
15.6
15.7
15.8
15.8
15.8
15.7
15.8
15.8
15.6
15.6
15.6
15.7
15.7
15.9
15.5
15.6
15.7
15.7
15.8
15.5
15.6
15.7
15.7
15.8
15.8
15.6
15.6
15.6
15.6
15.6
15.3
15.3
15.4
15.4
15.4
15.5
15.4
15.4
15.4
15.4
15.5
15.3
15.4
15.5
15.6
15.5
15.7
15.5
15.7
15.8
15.9
16
16.1
16.1
16.1
16.1
16.2
16.2
16.3
16.1
16.2
16.2
16.3
16.3
16.2
16.2
16.3
16.2
16.2
time 5
16.2
15.9
15.9
16.1
15.9
16
16.1
16
16
16.1
16.1
16.1
15.7
15.9
15.9
15.8
15.9
15.8
15.6
15.7
15.6
15.8
15.8
15.9
15.9
16
15.9
16
16.1
16
16
16
16.1
16.1
16.1
15.8
16
16.1
16.1
16.2
16
16.2
16.1
16.2
16.2
16.4
16.2
16.3
16.2
16.3
16.2
16.4
16.2
16.2
16.2
16.4
16.4
16.4
16.2
16.2
16.3
16.4
16.5
16.2
16.4
16.6
16.6
16.7
16.8
16.6
16.8
16.9
16.8
16.9
16.9
16.6
16.8
16.8
16.9
17
16.8
time 5
16.5
16.7
16.6
16.7
16.8
16.8
16.7
16.9
17.1
17
17.2
17.3
17.3
17.1
17.2
17.3
17.3
17.3
17.4
17.3
17.4
17.5
17.6
17.6
17.7
17.7
17.7
17.7
17.9
18
18.1
18.1
17.9
18
18.1
18.3
18.4
18.4
18.2
18.3
18.4
18.4
18.5
18.6
18.7
18.6
18.7
18.8
18.9
18.9
19.1
18.9
18.7
18.9
18.9
19
19
19.2
18.9
19
19.1
19.1
19.2
19.5
19.4
19.1
19.1
19.1
19.1
19.2
19.2
19.2
18.9
19
19
19.2
19.2
19.1
19.1
18.8
18.8
18.9
18.8
18.7
18.9
18.7
18.8
19
19
19
19
19
time 5
18.8
18.6
18.6
18.7
18.7
18.6
18.6
18.3
18.3
18.2
18.2
18.3
18.3
18.1
18.1
18
18.1
18.1
18.1
17.8
17.7
15.2
15
14.9
14.9
15.4
15.8
16.1
16.5
16.8
16.9
16.9
16.8
17
17.2
17.5
17.4
17.5
17.4
17.5
17.7
17.8
17.6
16.2
16.5
16.5
16.7
16.9
17.2
17.4
17.6
17.5
17.8
17.9
17.9
18
18.1
18.2
17.8
18
18.1
18.2
18.3
18.3
18.5
18.3
18.5
18.7
18.8
18.9
18.9
18.6
18.7
18.8
18.8
18.8
18.8
18.9
18.8
18.7
18.8
18.8
18.9
18.9
19
18.7
18.6
18.7
time 5
Infinity
50
4.3
8.5
13.1
17.8
22.6
27.3
31.7
35.7
41.1
44.1
47.1
49.6
52.6
55.1
56.3
57.8
58.6
60.2
62.4
62.3
62.5
60.7
61.4
61.7
63.4
62.9
63.6
62.9
62.7
62.4
61.8
62.6
64.3
63.6
63.3
64
63.4
63.1
63
64.4
64.6
64.3
64.3
63.6
59.8
61.5
62.2
62.1
62.4
62.4
63.5
63.1
62.8
62.9
64.6
64.8
64.2
64
63.6
64.3
63.7
65.1
64.2
63.9
64.1
63.7
63.3
64.7
61.6
61.3
61.6
61.6
61.3
61.4
62.3
64
63.2
60.5
59.8
59.3
59.8
59.6
59.5
59.5
61.2
59.8
60
59.7
58.9
58.7
55.8
55.7
54
54.1
52.9
52.1
52.5
51.9
52.2
51.1
51.4
52.2
51.8
52.1
52.8
54.3
55.9
56.4
56.5
56.5
56.6
56.3
53.7
53.6
56.6
56.6
56.5
56.7
56.7
56.9
56.8
57.6
57.5
57.6
57.9
57.8
57.8
57.3
58.2
58.4
58.3
59.5
59.1
58.8
55.5
55.9
56.9
57
57.1
57
56.7
56.5
56.4
56.6
57.7
57.5
57.6
57.3
56.8
56.7
56.4
56.2
55.9
55.8
52.4
52.2
52.9
53.1
53.3
53.7
53.7
54
54
54.3
54.2
54.1
54.4
54.7
55.5
55.4
55.3
55.1
55
54.8
52.1
52.4
52.4
52.8
53.3
53.5
53.6
53.5
53.8
54.7
54.5
54.5
54.4
54.1
53.5
53.5
53.7
53.5
53.5
53.5
50.9
50.4
50.8
51.6
51.8
51.9
52.1
52.8
53.7
53.9
54.1
54.1
54.1
54.1
54.1
54.4
54.3
54.3
54.3
52.2
52.5
52.6
52.3
53.1
53.3
53.5
53.4
52.6
52.8
52.9
52.9
53
52.8
52.4
52.4
52.3
52.5
52.6
50.6
51
50.9
51.3
51.7
50.8
50.9
51.3
51.4
51.9
52.9
52.8
52.9
52.7
52.7
52.8
52.6
52.6
52.4
50.3
50.6
50.2
50.3
50.7
50.6
50.9
51.3
51.2
51.1
50.3
50.6
50.9
51.2
51.1
51.4
51.4
time 5
50
48.3
49.2
49.8
50.2
50.7
50.4
51
51.5
52
52.5
52.3
52.4
52.7
53.4
53.2
52.8
53
53.1
53.4
51.1
51.7
52.3
52.2
52.4
52.5
52.6
52.9
51.9
52
52.2
52.4
52.4
52.2
51.9
51.8
52.5
52.5
52.4
50.2
50.8
51.2
51.6
52.2
52.9
53.2
53.2
53.5
53.6
53.6
53.5
53.5
53.6
53.8
54.1
54
54.1
53.8
54.1
51.8
52.6
52.8
53
53.3
53.2
53.3
53
53
53.2
53.3
53.8
53.7
53.8
53.6
53.6
53.4
53.1
53
52.9
50.7
51.3
51.7
51.8
52.2
52.8
52.4
52.8
53.1
53.1
53.5
54.5
54.5
54.4
54.4
54.4
54.1
53.9
54.3
51.9
52.2
52.4
52.7
52.9
53.1
53.3
53.7
53.6
53.4
53.5
53.5
53.3
53
53.1
53
53.1
53.2
53.4
53.5
51.5
51.8
52.1
52.7
52.8
53.5
53.2
52.8
52.5
52.7
52.7
52.9
53
53.1
53
53
52.4
52.4
52.4
50.6
51
51.3
51.9
52.1
52.7
52.7
52.9
52.7
52.8
52.2
52.4
52.4
52.5
52.5
52.8
52.6
52.8
53
50.7
51.2
50.8
51.5
52
52.1
52.3
52.2
52.3
52.3
52.5
52.5
53.3
52.8
52.6
52.6
52.6
52.4
52.2
52.1
49.2
50
50.8
51.2
51.8
52.2
52.3
52.7
52.7
52.7
52.7
52.4
52.1
51.9
52
52
52
51.3
49.9
50.3
50.5
51.2
51.5
52.6
52.6
52.8
52.7
52.9
52.9
52.5
52.4
52.3
52.3
52.4
52.5
52.6
52.5
52.3
50.1
50.2
50.6
50.8
50.7
51.2
51.8
52.5
53.1
54.1
54.2
54.3
54.5
54.2
54.3
54.3
54.4
54.6
54.7
52.3
52.9
53.2
53.8
53.4
53
53.1
53.2
53
52.4
52.3
52
51.9
51.5
50.7
50.7
51.1
51.3
51.4
49.5
50.1
50.7
51.1
51.6
52
52.6
52.4
52.1
52
time 5
51.4
50.6
49
49.6
49.6
50.3
50.9
51.3
51.6
49.7
50.3
50.5
51.1
51.3
51.6
52.6
52.8
53.1
53.5
53.4
53.4
53.6
53.4
53.3
53.3
53.1
52.9
52.7
52.3
49.9
50.6
51.1
51.4
51.7
51.1
50.1
50.4
50.9
51
51.4
52.3
52.5
52.6
53
52.9
53
53.1
53
50.4
50.6
50.6
50.5
50
50.4
50.5
50.6
50.7
51
51.2
51.5
51.1
50.6
49.7
49.7
50.1
49.6
47.8
48.4
48.8
49.5
50
50.2
50.3
50.5
50.4
50.6
50.8
51
51
51.3
51.5
51.7
51.7
52
52
50
50.4
50.5
50.7
50.1
50.6
51
51
50.7
50.3
50.5
50.7
50.7
49.5
49.6
49.9
50.2
50.5
48.5
48.7
48.7
48.7
47.9
48.1
47.5
47.5
47.3
46.9
47.1
47.2
47.2
47.1
47.3
47
47.1
45.4
45.8
46.4
46.8
46.4
46.9
47.1
47.4
46.5
46.7
46.5
46.6
46.8
46.1
46.2
46.5
46.3
44.1
44.7
44.3
44.9
45.2
44.8
44.9
44.9
45.2
45.4
45.2
45.5
45.3
45.5
45.5
44.9
43.9
44.4
44.7
44.3
44.9
45.3
45.4
44.6
45.2
45.5
45.7
45.5
45
45.5
45.6
45.7
43.1
43.5
43.9
43.7
44.1
44.3
43.7
43.7
44.4
44.6
44.3
44.5
44.7
44.1
43.8
44
42.6
43
43.1
43.5
43.8
44.1
44.1
44.7
44.5
44.8
44.4
44.6
44.6
44.8
44.5
44.8
43.3
43.7
43.1
43.6
44.1
43.5
43.8
44.2
43.6
44
44.3
44.6
44.1
44.2
44.3
44.5
43.1
42.8
43.3
43.7
43.4
43.8
44.2
43.8
43.8
44
44.3
43.6
44
44.3
44.5
42.2
43.1
43.4
44
43.6
time 5
Infinity
50
4.4
8.5
13.1
17.6
22.1
26.8
31
34.8
38.3
41.6
44.3
46.7
49.7
50.9
52.3
53.3
54.5
55.1
56.9
54.4
54.6
55.2
55.4
55.7
55.9
57.9
56.9
56.5
56.7
56.9
57
57
57.5
56.4
56.3
56.2
56.1
56
56
57.6
57.5
57.7
54.6
55.2
55.7
55.9
57.5
57.3
57.6
57.9
58
57.7
57.7
58.9
58.3
57.9
57.7
56.9
56.6
56.2
57.7
57.5
57.4
57.3
57.3
55
56.6
56.4
56.4
56.5
56.6
56.6
56.5
52.6
52.9
54.9
55.4
55.9
56.3
56.6
56.4
56.3
57.2
56.6
56.3
55.8
55.5
55.4
53.1
53.5
54.5
53.7
53.3
53.2
53.4
53.5
53.5
53.7
53.9
54.3
54.3
54.2
54.1
54.9
54
53.8
53.8
53.8
53.8
53.7
51.2
51.1
51.9
50.6
50.4
50.6
50.7
51.1
51
51.1
50.8
50.5
50.1
49.9
49.6
49.5
49.3
49.2
49.3
49.5
49.6
47.7
48
48.4
48.5
44.2
44.3
44.8
45.3
45.6
45.8
45.8
45.8
45.6
45.6
45.8
46
45.9
46.2
46.3
46.3
44.6
45
45.1
45.5
45.9
45.6
45.6
45.7
45.7
45.4
45.3
45
44.9
44.7
44.4
43.7
43.5
43.4
41.4
41.4
41.8
42
42.3
42.3
42.4
41.9
42.2
42.3
42.6
42.6
42.8
42.6
42.6
42.5
42.1
42.5
41
41.5
41.7
41.7
41.9
41.6
41.8
41.5
41.8
41.8
41.8
42
42.1
42.3
42.3
41.6
41.8
42.1
40.7
41
41.4
41.6
41.6
41.1
41.1
41
41
41.2
41.1
40.6
40.7
40.9
41.1
41.3
41.4
41.3
40.1
40.1
40.5
40.9
41.4
41.5
41.6
41.2
41.5
41.4
time 5
40.4
40.4
40.7
40.4
40.5
40.7
40.9
39.9
40.4
40.2
39.9
40.2
40.5
40.7
40.8
40.6
40.9
41.2
41.4
41.7
42
42
42
41.6
40.2
40.7
40.9
41.1
41
41.1
40.7
40.9
40.9
41.1
40.9
40.9
40.5
40.4
40.4
40.5
40.4
40.4
39.3
39.5
39.8
40.2
40.3
40
40.2
40.3
40.6
40.4
40.3
40.1
40.3
40.6
40.9
41
40.7
39.1
39
39.2
39.7
39.8
39.6
39.7
39.8
40
40.1
40.1
39.9
40.1
40.2
40.3
40.5
40.7
39.5
37.9
38.6
39.2
39.5
39.9
39.7
39.5
39.7
40
40.2
40.5
40
40.4
40.5
40.6
40.8
39.4
39.9
40.3
40.1
40.1
40.1
40.3
40.5
40.1
40.1
40
40
39.9
39.6
39.9
40
40.2
39.1
39.3
39
39.5
39.7
40
39.6
39.3
39.6
39.9
40
40.2
39.9
40.1
40.1
40.2
40.1
38.4
38.4
38.8
39.2
39.3
38.9
39.2
39.5
39.7
39.6
39.2
39.4
39.4
39.7
39.8
39.8
38
38.7
39
39.3
39.4
39
39.1
39.4
39.5
39
39.2
39.5
39.7
39.9
39.7
39.5
39.8
38.8
39.2
39.4
39.4
38.9
39.1
39.3
39.4
38.9
39.3
39.6
39.9
39.9
39.7
40
40.3
40.3
39.1
39.6
39.8
39.4
39.8
39.8
39.8
39.6
39.8
40
40.2
40.4
40.5
40.2
40.4
40.5
40.7
39.7
40
40
39.8
40
time 5
Infinity
50
4.4
8.9
14.2
19.7
25.4
31.7
37.6
43.2
49
55.2
59.5
63.2
68.6
71
73.4
78.1
77.9
79.6
83
82.3
83.1
82
85.2
84.1
83.4
86.4
79.6
79.9
83
82.3
82.2
85
83
82.5
81.9
84.2
82.1
82.5
84.9
82.8
83.1
82.1
85.6
84.7
83.9
87.3
84.5
84.2
86.2
85
83.3
82.6
85.3
84.1
78.9
80.9
80.4
80.7
80.2
82.3
82.5
82.4
85.3
83.3
82.3
82.5
84.1
83.3
82.1
81.8
84.1
83
82.2
81.2
83.2
83.2
82.5
84
82.3
81.2
81.1
82.8
76.8
78.1
80.6
79.9
79.7
79.5
82.3
81.3
80.4
80.3
82.2
81.3
80.4
79.8
82.5
81.2
79.6
80
82
81.3
80
81.9
81
80.2
79.7
82.4
81.2
76
78.6
77.7
78
77.8
80
79.1
78
77
77
79
78.4
77.3
76.3
78.9
77.5
77
76.9
78.3
76.8
76.3
76.3
78.5
77.8
77.5
77.3
80
73.7
74.2
77.1
76.8
76.1
74.8
74.4
74.3
76.2
74.8
74.6
74.7
76.6
76
75.1
74.4
74.2
76.5
75.6
74.7
74.8
76.5
75.7
74.3
73.7
69.2
72.1
71.9
72
72.7
72.8
74.9
74.6
74.1
73.4
74.1
75.7
74.9
74.6
74.5
74.1
76.2
74.5
74
74.3
76.1
74.6
74.7
73.8
72.8
74.3
69.5
69.9
70.2
72.9
71.9
71.4
71.4
72.1
71.7
74
73.4
73.2
73
75.5
74.9
73.7
74.2
73.9
75.4
74.9
74.5
74.1
74.4
76.1
75.3
71.4
73.4
72.9
73.5
72.7
73.1
76
74.6
74
74
73.4
75.3
74.4
73.6
73.3
73.3
74.8
73.8
73
72.4
71.2
73
72.6
71.6
71.5
67.5
69.5
69.5
69.2
69.9
69.9
70
71.4
71
70.1
69.6
69.9
69.9
71.6
71.3
70.8
70.3
70.2
70.3
71.9
70.7
70.7
70.3
69.9
71.6
67.3
67.7
67.9
68.3
69.2
71
70.5
70.7
70.1
70.1
70.5
72
70.8
70.3
70.7
70.6
72.8
72.2
71.9
71.3
71.5
72.9
71.4
71
68
70.4
69.3
69.7
70
69.7
69.7
72.4
72.2
71.5
71.7
71
70.9
73.2
72.8
71.6
71.9
71.1
73.2
72.3
72.2
71.8
73.1
72.9
72.2
67.7
70.4
71.3
71.7
71.5
72.3
71.8
74.2
74.1
73.1
73
72.9
75.2
74.4
73.9
73.8
75.9
76
75.2
75
77.9
76.9
76.6
76.2
78.6
77.7
72.3
75.1
74.9
75.7
75.2
75.9
78
76.5
76.1
75.7
78
77.9
76.8
76
77.7
76
75.2
75.4
75.2
77.4
76.9
75.8
75.6
78.4
77.1
77.1
time 5
69.1
71.8
71.9
73.1
73.2
75.2
74.2
74.1
73.4
72.6
73.9
72.8
72
73
75.5
75.4
74.6
74.6
76.6
76.1
75.3
75.8
77.4
76.6
77.1
76.8
79.1
73.2
73.9
74.6
77.5
77.1
76.7
77.2
79.5
79
78
77.3
80.1
79.1
78.7
79
80.4
79.6
78.7
77.9
80.6
78.4
77.2
79.4
78.6
77.8
78.3
80
74.5
74.5
74.3
77
76.8
76.6
76.3
79.4
77.2
77.1
75.5
76.3
75
73.6
73.1
75.7
75.7
75.4
75.5
78.8
78.1
78.2
78.6
81.2
80.5
80.7
84
77
76.9
80.5
79.5
79.1
79.6
82.9
82.7
82.1
84.7
83.2
82
82.4
84.4
82.7
82.5
81.1
83.9
82.7
81.9
84.8
82.7
82.9
81.7
84.1
83.5
82.9
85.5
78.5
78.9
82
80.6
79.8
79.7
81.6
80.1
79.6
79
81.8
79.7
79
79
78.3
80
79.4
78.7
79
80.4
78.2
77.7
77.5
79.4
78.8
78
79.9
75
74.9
74.9
78
77.2
77
76.3
76.3
78.9
77.5
76.2
76.8
78.4
77
76.7
76.1
78.3
77.7
76.7
76.5
79
77.6
77.4
75.8
77.4
76.7
71.7
71.9
74.4
73.9
73.4
73.6
73.9
75.5
74.3
74.5
74.4
74.3
76.6
75.5
74.7
75.4
77.3
77
75.9
75.2
76.9
76.7
76
75.9
75.2
77.6
72
72.5
74.9
74.6
74.9
75.3
75.6
78.2
76.7
76.3
75.6
74.4
76.5
74.9
74.3
74
73.7
75.4
74.9
74.5
74.3
75.8
74.1
73.4
72.5
68
70.4
70
70
70.9
70.9
70.8
73.5
72.1
71.8
72.2
71.6
73.4
72.9
72.5
71.8
71.8
71.9
73.7
72.6
72.3
71.9
73.2
72.2
71.7
68
70.2
70.6
70
70.1
70.6
70.5
70.8
73.2
72.6
72.4
73.1
72.8
74.9
74.4
73.9
73.4
72.4
74
72.9
72.2
72
71.8
73.2
72.4
67.5
68.2
68.7
71.4
70.3
70.3
71.1
70.6
70.3
72
71.3
71
70.3
70.7
70.5
72.3
71.7
70.8
70.3
70.1
72.4
71.6
70.4
70.4
66
68.1
67.5
67.7
68.1
68
67.9
68
67
69
69
69.1
68.1
67.5
67.8
70
69.3
68.6
68.6
68.5
68.5
70.2
69.3
69.1
65.2
65.8
68.4
68.3
68.2
68.3
68.6
68.4
68.2
70.8
70.5
70
69.7
69.3
69.3
71.1
71.2
70.4
69.7
69.9
69.8
71.7
70.1
69.3
66.2
68.6
68.2
69
69
68.6
68.6
69.1
68.8
70.2
70
69.4
69.1
68.6
69.1
70.8
70.6
70.8
70.1
70
72
71.7
71
70.3
66.9
69.3
69.4
69.8
69.7
70.1
69.8
72.3
72.1
71.6
71.4
time 5
69.9
69.3
71.6
71.9
71.6
71.4
71.7
73.6
73.3
73.1
72.7
72.8
75.2
74.3
69.3
69.6
72.4
72.6
72.3
72.4
72.4
74.2
74.2
73.2
72.5
72.9
72.5
74.4
73.7
72.9
72.8
73.1
75.1
73.6
73.8
73.2
72.8
74.3
73.2
68.8
69.2
71.7
70.9
70.5
70.7
71.3
70.9
70.3
72.7
72
72
72.4
72
73.8
73.6
73
72.5
72.7
74.2
73.4
72.6
71.9
70.7
72.4
68.3
68.8
69.1
69.1
70.2
72
71.2
71.2
70.7
70.7
73.1
72
71.6
71.3
71.9
71.3
73
71.7
70.7
70.2
70.1
72
71.2
70.8
67.6
68.3
70
70.4
70.3
70.5
71
71.3
73.4
73.1
73.4
73.6
73.2
75.7
75.1
74.7
74.7
76.3
74.5
74.7
74.2
73.3
75.3
73.9
73.2
69.4
71.6
71.4
71.1
71
70.6
70.7
73
71.7
70.3
70.9
70.9
70.8
72.6
72.5
71.5
71.2
71.7
71.4
72.8
72
71.1
70.4
69.4
71.5
67.2
67.5
67.5
68.5
68.2
70.5
70.9
70
69.6
69.9
70.3
72.2
71.6
72
71
70.8
71.3
73.1
72.5
72.2
71.3
71.1
72.9
73.1
68.7
69.4
72.1
71.6
71.4
71.5
70.8
70.8
70.6
72.9
72.3
71.4
71.5
71.3
73.4
73.6
73.2
72.1
72.4
74
73.4
73.4
72.3
72.5
74.6
70.7
71.1
71.9
74.9
74.6
74.6
74.4
73.8
75.8
75.3
74.5
73.3
73.6
74.9
74.4
74.7
73.6
73.7
76
74.9
74.5
75.1
76.8
75.7
75.6
71.5
73.7
73.5
73.3
73.6
73.8
75.1
73.6
74
73.4
73
74.9
74.8
74.7
75.2
74.1
76.1
74.6
74.3
73.4
75.7
75.9
75.2
75.4
74.9
76.8
71.1
71.4
71.8
73.9
73.9
73.7
74
74.3
76.2
75.4
76.2
76.1
75.8
77.8
76.5
76.5
76.2
77.9
77.1
75.7
75.5
78
76.4
76.2
76.2
71.6
74
74.2
74.3
74
74.1
77
75.5
75.8
75.4
75.1
77.7
76.5
76
76.2
78.2
76.5
76.3
75.7
77.6
77.6
76.8
76.1
76.4
78.3
78
73.7
75.8
75
75.3
75.2
74.9
77.1
75.2
74.4
74.3
74.2
76
75.9
74.6
73.2
73.4
75.2
74.1
74
73.6
72.9
75.6
74.6
73.9
74.2
69
71.2
70.8
71
71.6
72
75
74.4
74.1
74.5
74.8
76.9
77
75.9
76.3
75.1
76.8
76
75.5
74.4
74.6
76.5
75.6
75.4
75.1
77
72.5
72.8
73.2
75.4
75.6
75.3
74.9
74.4
76.4
76.3
75.4
74.6
74.4
73.9
75.7
75.1
73.9
73.5
75.1
74.9
73.8
72.7
73.2
75.2
75
70.7
time 5
70.2
73
74.1
74.1
73.9
74.4
76.5
75.7
75.8
75.6
74.8
77
76.3
75.1
74.4
75.7
74.7
73.8
73.4
72.8
75.3
74.3
74.1
74.9
77
70.5
71.6
72.1
72.5
74.6
74
73.6
73.3
73.5
75.7
74.6
74.7
74.6
74.2
76.9
75.9
76
76
77.7
78.2
77.7
77.4
80.1
78.6
78.6
73.7
76.4
75.7
76.2
76
76.1
78.9
77.6
76.9
76.5
78.4
77.8
77.4
77.2
77.7
79.5
78.9
78.5
78.5
80.1
75.7
74.9
74
76.7
76.4
76.5
78
72.8
72.7
74.3
76.8
76.7
76.3
75.8
76.7
79
76.8
77.2
76.8
76.1
78.8
77.5
77.3
77.5
79.1
78.5
78
77.6
80.2
78.9
77.9
78.3
80.3
74.6
75.2
74.9
77.4
77.2
76.6
76.3
77.2
78.9
78
77.4
77
79.6
78.1
77.4
77.5
76.9
79.2
78.6
78.4
78.4
80.4
79
79
78.1
79.9
74.3
74.5
74.8
77.6
76.3
75.6
76.3
78.3
77.8
77.5
77.5
78.1
79.9
78.6
79
78.9
80.6
79
77.9
76.9
79.5
78.8
78.6
77.5
76.9
79.4
72.9
73.6
75.5
76.1
75.3
75.7
75.8
77.6
78.2
76.4
75.7
76.2
78
77.4
77.5
76.8
78.7
78.3
76.9
75.9
75.5
77.5
77.4
76.4
75.6
77.8
72.1
72.7
73.3
76.6
76.1
76.1
76
75.7
78.6
77.3
76.4
76.9
79
78.1
78.1
77.4
79.8
79.9
79.5
78.9
78.2
80.3
79.6
79
81.5
80.5
74.1
75.2
78.5
77.7
78.3
78.1
80.1
79.2
78.2
77.6
77.8
80.2
79.2
78.6
78.6
81.5
80.4
79.6
79.8
82
81.2
79.7
81.3
80.8
80.1
79.3
82.1
75.9
76.4
79.9
77.9
78
77.4
76.8
79.8
78.1
77.1
77.5
79.6
78.7
78
77.8
80.2
78.9
77.7
78
79.9
79
79.4
78.7
81.5
80
79.6
74.8
77.1
77
77.5
77.5
79.8
78.7
78.5
77.7
77.9
80.2
79.4
78.4
77
79.3
77.8
77
77.5
79.3
78.1
77.8
77.4
77.2
79
77.9
77.8
72.7
74.7
74
74.5
74.8
74.8
77.6
77
77.9
76.9
79
78.6
77.6
77
79.5
78.5
78.4
78.1
77.9
80.8
79.8
79.3
79.6
81.3
80.9
79.6
81.5
75.6
75.6
75.9
76.3
78.4
77.6
77.9
77.5
79.6
77.5
76.8
76.2
76.5
77.7
77.4
76.5
75.8
77.7
76.9
76.2
76.2
76
77.8
76.9
75.9
71.8
74.6
74.8
74.9
75.1
74.5
76.1
75.3
74.1
74.1
74.2
76.8
76
76
75.2
74.8
77.5
76.2
75.4
75.4
74.8
76.6
76.5
75.3
74.3
76.2
71.1
71
71.2
71.7
73.1
72.7
72.6
71.9
71.5
71.7
73.7
73.3
73.7
73.2
72.7
75.1
74.5
73.5
73.1
72.8
time 5
73.2
72.2
72.6
72.5
68.4
70.3
71.2
71
71.3
72.1
73.4
73.1
73.7
73.3
72.7
75.6
74.9
73.9
74.2
73.8
76.2
76.1
74.9
74.8
76.8
75.8
75.3
74.6
73.8
75.2
70.4
71
71.3
74
73.2
73.1
73.6
73.3
73
75.6
74.2
73.4
72.3
72.2
74.2
73.4
73.7
73.4
73.1
75.1
73.3
73.1
73.4
75
74.4
70.1
70.6
70.8
72.9
72.9
72.3
71.8
72
71.7
73.5
73.5
73
72.8
73.2
73.9
73.7
73.3
73.6
73
75
73.8
73.3
73.3
73
75
70.1
70.6
70.5
70.2
72.7
71.4
71
71.1
71.7
71.9
74.1
73.8
73.1
72.5
73.1
75
74.1
74.2
73.7
73.1
75.6
73.8
73.4
73.6
69.4
72
72.1
72.5
72.3
72.6
75.1
74.3
74.3
74
73.7
73.4
76
74.7
74.2
74.7
74.6
76.1
75.4
74.2
73.9
74.1
75.5
74.8
74.7
70.1
72.9
73.4
73.5
73.1
73.9
75.9
74.7
74.9
74.4
73.9
76.2
75
74.9
75.2
74.5
75.9
75.2
74.8
74.4
74.6
76.1
74.7
75.3
74.6
75.6
70.7
71.2
71.4
71.5
74.4
73.9
73
72.5
72.3
73.7
74
73.4
72.7
73
75.1
74.5
74.4
72.4
72.1
74.4
73.7
73.4
73.6
73.3
75.2
70.3
70.5
70.6
70.9
73.4
72.8
72.4
72.6
72.5
74.6
74.6
74.3
73.5
73.4
73.5
75.3
75.2
74.4
73.6
74.4
76.3
75.1
75
74.1
76.1
72.2
71.4
70.6
70.7
73.7
73.5
73.3
73.3
73
72.9
75.6
73.9
73.6
74.1
74.1
75.9
75
74.3
74.1
74.3
76.1
74.8
74.7
74.4
76
70.6
71
71.3
72
74.7
73.2
73.1
73.9
73.6
75.9
75.1
74.5
74
73.9
75.8
75.6
75.4
74.9
77.1
77
76.3
76.1
75.4
77.6
77
72.2
74.6
74.7
75.1
75.3
75.5
77.5
76.6
76.4
75.9
75.9
78.2
76.4
75.9
75.6
75.5
77.1
76.8
76.7
76
78.1
76.9
76.7
76
77.8
77.1
72.5
72.8
75.5
75.1
75.6
75.8
76.3
78.2
78
77
75.9
78.7
76.9
76.6
77.4
76.8
78.7
77.9
76.8
76.8
79.7
78.5
78.4
77.3
79.1
78
72.7
75.4
74.8
74.6
74.9
75.4
77.7
76.2
76.1
75.9
75.2
78.2
76.8
76.6
76.6
78.7
77.9
77.2
76.8
79.3
77.5
77
77.2
76.8
78.8
77.5
72.4
75.1
75.4
75.5
75.1
75.8
77.9
76.6
77.1
75.8
75
77.4
76.1
75
74.8
74.4
76.2
75.4
74.9
73.8
73.9
75.3
74.3
74
73.2
74.8
70.6
69.7
70
70.6
73.7
73.5
73.3
73.7
73.5
75.4
75.4
75
time 5
Infinity
50
4.1
8.5
13.2
18.5
24.2
29.5
35.5
41.6
46.4
51.6
57.2
59.2
63.3
67.7
67.4
70.7
71.5
73.5
76.7
75.5
77.8
80.6
78.2
80.4
82.5
79.2
81.8
82.7
80.1
81.2
82.3
80.3
81.9
83.2
80.5
81.6
80.1
81.2
82
80
81.2
82
80.5
81.6
83.4
80.1
81.6
83.4
79.9
82.2
83
79.4
82
83
75.7
77.7
79.7
78.6
79.7
80.9
79.7
80.9
78.9
80.9
81.9
80.5
81.3
82.8
80.5
81.8
83.7
80.6
81.7
83.6
79.6
80.8
77.9
78.6
79.3
77.8
79
81.6
79.4
81.1
83.5
80
82.1
79.4
80.7
82.6
79.7
80.4
82.6
79.4
81.1
82.1
79.3
81.5
82.5
78.2
79.9
78
80.3
81.7
79
81.6
82.4
80.1
81.1
82
75.9
77.7
78.9
77.6
79.2
80.3
78.8
80.3
82.8
79.3
79.9
79
80.5
81.9
79.9
80.7
82.8
79.3
80.8
82.8
79.1
80.6
79.3
80.3
82.4
78.7
78.9
80
76.2
77.8
80
76.9
78.2
77.5
79.4
82.1
79.6
80.5
82.3
79.5
81.5
82.2
79.2
81.5
79
80.4
82.7
79.4
81.6
82.2
79.4
82
83.1
80.6
81.6
82.6
74.1
76.2
77.8
76.3
78.2
76.5
79.1
80.5
79.4
80.6
81.1
79.5
81.2
81.8
79.6
80.9
79.2
80.4
81.3
79
80.3
81.6
79.5
80.3
82.3
78.9
80.4
79.1
79.8
80.8
79
80.4
82.4
79.2
80.4
78.9
80.1
81.1
79.3
80.6
82.6
79
80.2
82.4
78.1
79.5
81.4
78.7
81.2
78.2
79.5
81.7
78.2
79.2
81.2
73.1
75.7
78.6
76.7
78.2
80.7
77.7
80.4
81.2
78.7
81.2
78.7
80.8
81.1
78.9
81
81.7
79.6
80.9
78.5
80.8
81.5
79
81.3
82.1
79.4
80.7
81.7
79
80.2
77.5
80.2
81.7
79.7
80.8
81.8
78.9
80.3
77.6
80.3
81.4
79.9
80.9
81.7
79.6
80.9
81.8
79.3
79.5
77.8
79.1
80.5
78.2
80
81.1
75.1
76.7
78.7
77.7
79
79.8
77.8
79
77.6
79
80.4
78.9
80.3
81.1
79.1
79.8
78.2
79
80.6
78.6
80.2
77.5
79.4
79.5
78.3
79.5
80.5
78.5
79.7
77.3
79.1
80
77
79.5
80.3
78.2
79.5
76.9
79.4
80.2
76.8
78.9
79.7
77
79.4
77.5
78.8
80.6
77.7
80.3
81.2
78.3
80.8
81.2
73.9
75.7
76.7
74
76.9
75.3
76.9
79.1
76.4
79
76.9
78.3
80.6
78
79.7
81.3
77.8
79.2
77.6
78.4
80.2
76.4
78
80
77.5
78.4
77.1
78.2
79.4
77.5
79.2
80.9
78.6
79.6
78.2
78.6
79.7
77.5
78.9
80.5
78
79.1
77.2
78.5
79.9
77.8
78.7
79.9
77.9
time 5
75.5
74.5
77
78.7
72.2
73.8
75.6
74.6
77.4
79
77
78.4
75.9
78.1
78.8
76.6
78.9
79.8
77.3
79.7
77.3
78.6
80.4
77.1
79.5
77.5
78.9
81.1
77.9
79.7
81.3
76.8
78.1
76.8
78.2
80.5
77.2
78.8
77.8
79
80.4
78.9
79.2
81.1
78.3
79.2
77.8
79
80.1
78.6
79.9
82.4
79.5
80.8
82.7
79.1
79.7
71.6
72.8
74.4
73.9
75.2
76.8
74.9
76.5
74.3
77.2
78.2
75.6
78.1
76
77.9
80.1
77.3
80.1
76.8
78.2
80.5
77.5
78.6
80.9
77.4
78.4
77.3
78.4
80.7
78
79.4
81.2
77.4
78.6
77.2
78.6
80.8
77.6
78.4
80.4
77.6
79.1
77.7
78.4
79.9
77.9
79
81.3
77.4
78.8
77.2
78.5
79.2
72.8
74.5
76.1
75.3
77
74.9
76.7
78.1
75.8
78.5
79.7
77.1
78.5
75.7
77
79.1
76.5
78.8
76.5
78.1
79.7
77.2
77.7
80
76.5
77.9
76.9
78
79.4
76.7
78.1
76.5
78
79.1
77.4
78.5
80
77.5
78.9
77.2
78.2
79.2
77
78.1
79.3
78
78.6
76.3
78.6
78.7
75.3
77.5
71.4
73.4
75.9
73.5
75.3
77.6
74.9
76.4
75.5
77.1
78.4
76.7
77.7
76.5
77.8
79.1
76.7
78.1
79.5
77.5
78.5
76.4
78.7
79.6
77.6
79
76.2
78.6
79.7
77.1
79
79.8
76.6
78.9
76.2
77.6
79.4
76.5
77.4
79
76.2
78.7
76.3
77.8
79.5
76.3
77.7
76.4
77.6
78.9
77.4
78.3
80.4
72.7
74.6
76.6
75.1
76.8
75.9
77.5
78.5
77.3
78.4
76.4
78.1
79.1
76.7
78.9
76.3
78
78.8
75.7
76.9
79
75.7
78
75.5
77.1
79.4
76.9
77.8
76.7
77.9
79
77.5
78.5
80.5
77.1
78.4
76.9
77.6
78.8
77.2
78.9
79.8
78.1
79
77.5
78.2
79.3
77.5
78.8
76.4
78.7
79.4
71.6
73.4
76.1
73.6
75.8
75.1
71.9
73.6
66.3
64.8
58.9
54.3
56.5
58.5
59.1
62
63.6
66.6
69.5
69
70.6
68.9
71.6
72
70.3
70.9
73.7
72.3
73.8
72.4
73.4
73.5
73.2
75
74.3
75.8
77
75.8
76.8
77.6
75.4
77
75.2
77.7
79.2
75.6
78.5
79.3
77.9
78.1
76.3
77.4
80
72.1
74.4
76.7
74.4
76.1
78.5
75.8
78
75.6
77.3
79.2
76.4
77.3
76.5
77
78.1
75.7
77.5
75.5
78
78.8
77.7
78.6
79.7
76.8
78.2
76.3
78.2
79.5
77.9
79.1
80.1
78.3
79
77
79.1
80.1
77.3
79.5
77.2
78.3
80.5
77.3
80
80.8
77.6
79
76.2
77.4
79.5
76.9
78.2
80
71.9
73.5
75.8
73.9
75.8
75.2
76.7
78.2
75.8
77.2
76.3
time 5
75.7
77
75.1
76.5
74.7
76
78.1
75.7
77.7
75.7
76.9
79.2
76.7
78.1
76.6
78
78.8
77.1
78.1
79.9
76.5
77.3
76
76.9
78.1
75.9
76.7
74.8
77.4
78.4
75.2
77.6
78.5
76
77.9
75.5
76.8
78.9
76
77.2
71.4
73.2
74.7
74.1
75.6
76.8
75.3
76.6
74.5
76.8
74.5
75.9
78.2
75.6
77.9
75.3
76.3
78.2
75.7
77.1
79.2
75.6
77.4
76.5
77.6
78.4
75.5
76.4
74.4
76.9
78
76.1
77.1
74.7
75.4
77.4
74.2
75.5
74.8
76.5
78.8
76.1
76.9
78.9
76.1
77.7
76.3
77.8
78.4
75.7
76.6
69.8
71.2
73.7
70.8
72.4
68.6
70.3
72.5
71.8
73.5
71.9
74.6
76
73.9
75.9
77.1
75.1
77.2
73.6
75.4
77.5
75
76.5
74.2
75.6
76.4
74.7
75.3
73
75.2
76.1
73.5
75.7
73.4
74.7
76.9
74.5
76.4
75.4
76.3
77.5
75.2
76.1
74.1
76.3
77.3
75.1
76.3
74
75.4
77.4
70.6
72.5
75
72.9
74.3
73.6
74.5
75.2
72.9
72.4
70.6
71.3
71.1
72.6
73.7
72.9
74.5
72.9
75.3
76.5
75.1
76.1
77
75.4
76
74.1
75.4
73.5
74.6
76.8
74.3
75.7
74
74.9
75.9
74.2
75.4
72.5
73.5
75.9
72.3
73.7
72.7
74
75.1
73.3
74.3
72.4
74
75.4
68.9
70.6
70.4
71.8
73.2
72.6
73.5
71.5
73.5
74.1
71.9
74.1
71.6
72.9
72.4
73.4
74.2
72.9
74.3
72.4
74.6
75.5
72.2
73.7
72.3
73.7
75.2
73.3
74.2
72.5
74.3
75
72.9
74.9
72.8
74.2
73.4
74.3
75.4
73.1
74.5
72.5
75.1
75.5
72.7
74.9
72.9
73.7
75.4
69
70.8
72.4
71.4
72.8
71.2
72.9
71.1
72.7
75.1
72.3
73.6
72.7
73.7
71.4
73.2
75.2
72.8
73.9
73.2
74.5
76.4
72.3
73.6
71.3
73.6
71.5
72.9
75.3
73
73.8
72.8
73.9
75.3
74.2
75
72.3
74.7
72.4
73.6
75.6
72.8
73.9
72.8
73.7
75.1
71.9
72.9
66.6
68.7
70.2
69
70.8
69.2
70.9
72.2
70.8
73
70.5
72.4
71.3
71.4
71.2
69.5
71.5
69.6
71
70.6
72.4
73.3
71.6
72.7
70.6
71.9
70.5
72
73.3
72
73.3
71.1
72.5
70.4
71.9
73.5
71.9
72.8
71.5
73.8
75
72.8
75
72.5
74
75.2
72.8
74.3
68.1
69.8
71
69.4
71.4
70.3
71.8
71.2
72.3
73.5
71.8
73.2
71.3
72.7
71.9
72.7
73.5
71.5
72.7
70.7
72.4
70.2
71.6
73.5
70.7
71.8
69.9
72.2
70.7
72.4
74
71.8
time 5
72.3
70.6
71.9
72.9
71.1
72.4
70.7
72.2
71.1
72.6
74.2
72.6
73.5
71.5
74.1
75
68.6
70.7
70.5
71.4
72.6
71.6
72.8
71.3
73.4
72
73.2
75
73
74.4
73.4
75
76.1
73.8
75.1
72.4
73.7
75.7
73.6
75.9
73.8
75.3
74
75.1
76
74.5
75.1
72.9
74.3
76.3
73.9
75.9
73.5
74.7
76.5
74.1
75.3
73.6
74.7
75.5
73.4
74.5
72.5
73.9
76
69.2
71.2
70.6
72.1
73.5
71.9
73.4
71.7
73.2
72.4
73.7
74.6
73.6
74.8
72.9
75.4
76.2
73.7
75.1
72.7
74.2
73.6
75
75.8
74.3
75.5
73.2
75.2
75.6
73.2
75.3
73.4
74.1
73.3
74.2
75
73.6
74.9
72.9
75
75.9
73.6
75.1
72
73.5
75.7
73.3
74.4
68.4
70.2
71.4
69.5
72.1
70.5
71.8
73.7
70.7
72.5
70.8
73.2
72
73.6
75.3
73
74
72.3
73.5
71.4
73.5
74.6
72
74.1
71.5
73
72.2
73.1
74.3
72.8
74
72.3
73.9
75.7
73.5
74.5
73.1
74.2
72.3
74.7
75.5
73.4
75.8
72.9
74.3
76.1
72.9
74.3
69
71.1
72.6
71
72.4
71.2
73.1
72.4
74
75
73.7
74.2
72.4
74.5
75.7
72.8
75
72.5
73.8
72.2
73.9
75.2
73.5
74.6
73.1
75.2
76
72.8
74.8
73
74.4
73.5
74.5
75.7
74.4
75.4
73.2
75.5
76.5
74.2
76.4
74.2
75.6
77.7
74.6
74.9
73.4
74.6
75.8
70.6
72.3
73.2
71.2
73.8
72.1
73.9
73.2
74.6
75.9
74.3
75.5
72.6
75.1
73.2
74.3
76.2
73.4
74.7
73.4
74.2
75.5
73
74.4
72.7
75
72.6
74
75.7
73.4
74.6
73
74.2
75.2
73.3
74.7
72.2
73.6
73
74.2
75.4
73.9
75.1
73.3
75.4
76.2
73.4
74
68.2
70.1
72.6
70.5
72
70.9
73.4
74.7
73.3
74
72
73.8
72.9
74.2
74.4
72.9
73.8
71.9
74.2
72.2
72.9
74.9
72.5
73.8
72.4
73.4
71.8
73.3
74.6
72
73.5
71.7
72.6
73.8
72.8
74.3
71.9
74.2
72.6
74
76.2
73.5
74.8
73.5
74.4
75.4
73.3
74.5
67.3
69.1
72.2
70.3
71.9
71.1
73.1
74.7
73.5
74.7
72.6
74.7
72.9
74.3
76.2
73.7
74.9
73
73.8
71.2
72.6
74.3
72.2
73.6
73.1
74
72.5
74.6
75.4
72.9
75.1
72.7
74
73
74.2
74.9
73.3
73.9
72
74
75.2
72.8
75.1
73.1
74.1
72.8
73.8
74.8
68.6
70.5
69.8
71
73.4
71.4
72.9
72.3
73.9
72.3
73.6
75.3
71.9
time 5
71.4
70.6
71.7
70
71.6
70.3
71.4
72.7
71.3
72.7
71
73
70.8
72.2
74
71.5
72.7
71.9
73.1
71.5
72.8
74.6
72
73.3
72.2
73.7
71.7
73.8
75
72.5
74.5
72.5
73.8
76
68.6
70.3
69.5
72.1
73.4
71.1
73.3
71.8
73.3
72.5
73.8
75.1
72.1
73.4
71.5
73.8
71.9
73.5
75
72.7
73.4
72.8
74.2
72.2
73.6
75.8
72.9
73.6
72
73
71.3
73.4
74.5
72.2
74.1
71.9
72.8
72
72.6
73.8
72.3
73.5
72
73.5
74.7
71.9
73
68.2
69.9
71.6
70
71.3
68.9
70.9
70.2
72
70.4
71.9
74.1
72
72.3
70.7
71.4
72.3
71
72.6
70.6
72.9
71.1
72.4
74.6
72.3
73.5
72
72.7
70.6
72.3
74.5
71.5
72.7
71.5
72.5
74
72.3
73.3
69.6
71.5
70.9
72.4
73.7
72.6
73.7
71.3
73.7
75
68.7
70.8
70.6
71.9
73
72.2
73
71.1
73.6
72.1
73.7
75.6
73
74.5
73.2
73.7
72.2
74.3
75.2
72.2
73.2
69.7
69.9
68.2
71
72.5
70.7
72.5
69.5
71.1
69.8
72.3
73.8
71.8
73.7
71.5
73
72.1
73.4
74.4
72.6
73.7
71.6
72.1
74.1
71.7
73.1
68.1
70.3
71.7
70.6
71.6
70.2
71.9
71.4
72.7
74
72.4
73.6
70.5
72.6
70.7
72.2
71.4
72.1
73.1
71.6
72.3
70.9
72.3
71.7
72.4
70.7
72.8
73.8
71.5
73.8
72
73.2
72.1
73.3
74.5
72.6
73.7
72.1
73.4
75.3
72.2
73.3
72.1
73.5
71.5
73.7
74.3
67.2
69.2
69.1
70.8
68.8
70.3
72.9
69.9
71.6
70.2
71.5
70.5
72.5
70.7
71.7
73.6
71.4
72.5
71.6
73
70.8
72.1
74.1
71.6
72.6
71.6
72.9
71.3
72.9
73.7
71.9
73.8
71.6
72.8
72
73
73.8
71
73.3
71
72.7
72
73.3
70.4
71.6
73.2
67.4
69
68.6
70
71.6
70
71.5
70
71.2
70.4
71.6
70.4
72.4
72
69.4
70.8
69.4
70.5
68.9
71.3
72.6
70.7
72.9
70.3
71.5
69.2
71.5
69.2
70.5
72.2
70.4
71.8
69.5
71.9
70
71.8
73.9
71.6
72.8
71.2
72.5
70.7
71.7
73.9
71.5
72.5
67
68.8
70.7
70.1
70.3
68.2
70
69.7
71.2
72.5
71.5
72.6
70.2
71.8
70.8
72.1
69.7
71.5
72.1
69.5
70.1
68.5
69.4
68.3
70.7
69.5
70.8
72.1
70.3
71.6
70.4
72.8
71
72.3
74.1
71.7
72.9
71.4
72.9
70
71.1
73.5
70.8
72.1
71.2
time 5
71.1
65.5
66.3
68.8
67.7
69.6
69.4
71.1
69.8
71.5
73.3
71
72.4
71.6
72.9
71.5
73.7
74.9
72.7
74.7
72.1
72.9
72.1
73.3
74.1
72.2
73.1
70.5
72.3
71.6
73
74
72.1
73.3
71.2
73.2
71.4
72.7
74.6
71.9
72.9
71.1
72.9
70.9
72.1
74.2
71.8
72.9
67.2
68.9
70.5
69.1
71.4
70.1
71.8
71
72.3
73.9
72.3
73.5
71.6
73
71.9
72.6
73.4
71.9
73.2
71.5
73.7
71.7
72.8
74.2
71.4
72.7
70.9
73.4
71.7
73.2
74.3
71.7
72.8
71.6
72.2
71.1
73
73.9
71
71.9
71.1
72.1
70.6
72.9
73.9
71.2
73
67.1
69.1
70.7
69.5
70.7
68.9
70.2
69.7
71.1
69.8
71.8
72.7
70.1
71.8
69.5
71
70.2
71.3
69.6
71.1
73
70.8
71.7
70.6
71.9
70.1
71.5
70.3
71.7
72.3
70.2
71.2
69.2
70.6
69.4
70.6
69.3
71.4
72.4
70.4
72.6
69.9
71.2
69.6
71.8
72.7
66.2
67.4
67.3
69.3
68.1
70.6
72.2
70
72
69.8
71.4
69.7
71.4
69.9
71
73
70.6
72
70.8
71.9
69.8
71
70.1
71
72.2
71.4
72.5
69.8
71.3
70
71.4
69.5
71.3
71.8
70
71.3
70.3
71.5
69.7
70.9
71.6
69.8
71.6
69.9
71.6
65.7
67.2
69.7
68.2
69.3
68.4
69.9
68.9
70.8
68.9
69.2
70.8
69.9
71.1
69.5
71.7
69.7
70.9
69.1
71
69.3
70.2
72.1
69.8
71.1
69.9
70.9
69.4
70.7
69.5
71
72.1
69.6
70.8
68.9
70.6
70.2
71.4
70.1
71.6
72.5
70.4
71.5
70.4
71.5
66.2
67.7
69.7
68
69.3
68.9
70.4
69.5
70.8
70
70.6
69.1
71
72.1
70.3
72.4
70.6
71.6
70.3
71.3
69.2
70.5
72.4
69.8
71.3
70.2
70.9
69.3
70.6
69.6
70.6
71.4
69.9
70.3
68.4
69.6
68.8
69.8
68.2
69.7
71.6
69.5
70.8
69.4
70.8
65.9
67.6
69.9
67.4
68.7
66.9
69.4
68.2
69.4
68.4
69.7
68.6
70
69.3
70.7
72.1
70.4
71.4
69.2
70.7
70.2
71.5
69.8
71.5
72.1
69.8
70.9
69.8
70.8
69.4
71.5
69.4
70.8
72.6
70.3
71.7
69.2
71.5
69.5
70.9
69
70.2
71.3
69.2
70.9
64.9
66.8
65.6
67.7
69
67.7
69.5
68.6
69.7
68.4
70.3
68.5
69.8
68.5
70.4
71.1
68.8
70.6
68.1
69.1
67.4
69.5
67.7
69.4
68
69.2
70.2
68.1
70.4
67.9
69
time 5
66.9
69.1
67.2
68.7
70.2
69.2
70.4
67.6
69.7
68.2
69.4
67.5
68.8
63.2
65
66.8
66.1
66.9
65.6
67.1
66.2
67.7
65.8
66.9
66
67
65.6
67
66.1
67.5
66.3
67.6
66.7
67.8
66.5
67.7
69.5
67.6
68.8
66.6
68.1
65.8
67.2
65
66.9
65.2
66.2
64.9
65.9
65.1
66.4
65.1
66.5
66
67.2
68.3
63.9
65.1
63.6
65.5
64.3
66.3
64.7
65.6
64.6
66.2
65.9
66.7
65.5
67.7
65.4
66.7
65
66.4
65.4
66.7
65.4
66.4
65.4
66.6
65.1
66.4
65.5
66.6
64.8
65.5
65
65.8
66.4
65.3
66.9
64.1
64.2
62.6
64
63.5
64.6
59.2
61.1
60.5
62.6
62.7
64.3
63.6
64.6
63.9
64.7
63.7
65.2
64.8
66.4
65.1
66.5
65.7
66.6
65.4
66.5
65.7
66.3
65.5
66.6
65.9
66.4
67.8
66.3
68.1
66.1
67.2
64.9
66.2
65.1
65.8
63.9
65.4
64.3
65.5
64.7
66.1
61.7
58.1
56.4
58.3
58.6
60.9
62.9
62.8
64.5
63.6
65.1
64.7
65.7
64.4
65.5
64.4
66.5
64.7
66
64.2
66.6
64.7
66.1
64.6
66.3
64.7
65.6
64
65.3
64.2
65.7
64.4
66
65.2
65.5
64.2
65.6
65
65.6
64.5
65.7
62
63.6
62.7
64.2
63.1
64.4
64.3
65.7
64.7
65.5
64.7
65.1
63.8
64.6
64.4
65.5
64.2
65.1
64
65.1
63.9
65
63.4
64.9
63
64.1
62.2
63.6
62.6
63.7
62.6
63.8
62.3
64.8
63.5
64.6
63.2
65
63.6
64.8
60.3
61.9
61.3
63.3
62.3
63.8
62.6
64.6
63.3
64.5
63.1
64.5
63.3
64
62.4
63.7
63.3
64.7
63.1
64.1
63.1
62.6
63.7
62.7
63.8
62.6
64.4
62.6
63.7
62.6
64
63.3
64.3
63.2
63.6
63.2
64.2
63
64.1
59.3
60.8
60.5
61.4
60.9
62.1
61.4
63.3
61.9
63.1
61.7
63.3
62.5
63.6
61.9
63
61.4
63.3
61.6
63
61.6
62.7
61.8
63
62.1
63.3
62.4
64.2
62.5
61.3
62.7
60.9
62.6
61.6
63.4
62.2
63.3
62.4
63.4
59.5
61.2
60.7
62.3
61.5
63.1
62.2
63.5
62.9
63.7
62.7
63.7
62.6
64.3
62.9
63.6
62.1
63.3
62.4
63.5
61.8
63.1
61.6
63.5
61.3
time 5
61.8
60.6
61.9
61.5
61
62.3
61.2
62.8
62.3
63.5
62.4
63.5
62.7
64.5
60.5
62.1
61.7
63.1
62.5
63.2
62.1
63.7
62.2
64.2
63.1
64.3
62.7
64
63.2
64.4
63.4
64.7
64.1
65.4
64.1
65.5
64.7
66
64.4
65.5
64.3
65.4
63.6
64.5
63.1
63.8
63.2
64.3
63.1
64.4
64
65.2
63.5
64.6
60.5
62
64.5
64
65.6
65.1
66.3
65.1
65.6
64.4
65.7
63.9
65.2
63.8
65.8
63.7
65.2
63.4
65.2
64
65.4
63.8
65
64.2
65.9
64
65.2
64.5
65.8
64.5
66
65.4
66.7
65.3
66.5
65.6
66.4
65
66.3
65.2
66.6
61.7
63.2
63.7
63.1
65.5
64.6
65.9
65.4
66.8
65
66.5
65.9
66.8
65.3
66.6
65.4
67.3
65.7
67
65.8
67.9
66.2
67.2
66.4
67.1
65.9
67.1
65.6
67.4
66.1
66.7
64.6
66.6
67.6
65.7
67.2
65
66.4
64.6
66.1
65.4
66.6
62.2
63.9
65.5
65.1
66.2
64.9
66.3
66
67.2
65.8
67.1
66.2
66.7
65.3
66.6
65.3
67
65.7
66.9
66
67.3
66.2
67.2
66.6
67.5
65.8
67.2
68.7
67.5
68.5
67.5
68
66.3
67.2
65.9
67.1
65.7
67.2
66.6
67.3
65.9
67.4
69.4
63.6
65.3
64.4
65.6
65
66.4
65.5
66.5
65.9
67
65.6
66.4
65.8
67.1
65.9
67.2
66.8
68
65.8
67.1
68.5
67
68.3
67.5
68.4
66.4
67.4
66.3
67.5
66.1
67.5
66.8
67.8
66
67
66.4
67.6
68.6
66.8
68.5
66.6
67.6
62.8
64.1
64.2
65.7
64.7
66.4
65.7
66.7
65.3
66.6
66.2
67.5
66.1
67
66.6
68.1
69.4
68.1
69.1
67.4
68.3
67.5
68.5
66.6
67
66.2
67.5
66.5
67.6
67.2
68.2
66.9
68.3
70.1
68
69.1
67.9
69.4
67.6
69.3
68.1
69.3
63.9
65.9
67.5
67.1
68.4
67.5
69.5
67.4
68.7
67
68.8
67.1
68.3
67
69.1
67.7
68.4
68.2
69.5
70.5
68.7
70.6
68.2
69.3
68
69.1
67.7
68.9
67.8
69
67.3
68.8
67.9
69.2
67.6
68.7
70.8
68.2
69
67.9
68.9
67.3
68.5
63.8
65.4
64.3
65.9
67.5
66.9
68.3
66.5
67.8
66.7
68
66.1
68.1
67.6
68.9
67.5
69.2
67.1
68.6
66.9
69.3
67.7
69
68.2
time 5
68.3
69.4
67.2
68.9
66.9
67.7
66.8
68.8
67.6
68.6
67.3
69.2
69.9
68.7
70.8
68.9
70.2
68.8
70.7
65.3
66.8
67.9
67
68.5
66.4
67.9
67.1
68.1
67.3
68.5
67.2
68.3
67.3
68.6
68
69.1
67.4
69.2
67.8
69.2
70.1
68.2
69.7
68.3
70.2
68.7
69.8
68.3
70.5
68.8
70.1
69
70.4
71.4
69
69.8
67.9
69.1
67.9
69.5
67.9
69.5
71.2
65.4
67.4
66.6
69
68.1
68.9
67.7
69.4
68.2
69.4
71.2
68.9
69.9
68.8
71.1
69
70.4
69.4
70.5
68.6
70.1
69.4
70.5
71.5
70.6
71.4
69.4
70.8
70.1
70.9
69.1
70.7
71.6
70.4
71.4
69.3
69.8
67.4
69
68.3
69.7
67.7
67.2
68.8
63.6
65.7
67.9
67.6
68.8
67.6
70.2
68.3
66.1
65.5
68.2
66.6
67.9
68.6
67.4
67.8
63.9
63.7
58.4
59.5
61.7
61.2
62.8
62.3
62.9
59.2
58.3
56.8
57
57.3
55.8
58.4
57.8
60
59.8
61.7
61.7
64
65.7
59.7
61.7
61.2
63.9
64.7
66.3
68.4
63.6
66.1
65.9
68.1
70.3
68.9
70.2
69
70.5
69.2
70.6
70.5
71.6
72.8
71.8
72.6
70
71.5
70.3
72.1
70.4
72.2
73.2
71.1
73.1
71.1
72.3
71.7
73
74.4
72.7
74.3
71.7
73.1
72
72.9
73.4
71.6
72.7
71.1
73.5
71.6
72.3
74.3
71.4
72.8
67.7
69.1
71.1
69.8
72
70.6
71.9
71.3
72.6
73.8
72.6
74
72.3
73.5
72.4
73.1
74.4
71.7
72.8
71.6
73.8
72.4
73.1
75.3
72.4
74
72.8
74
72.1
73.3
74.7
72.2
73.7
72.8
74
71.8
73.9
75.2
72.5
74.1
72.3
73.5
75.5
72.7
73.8
72.8
73.5
67.7
69.5
72.1
70.5
72.2
71.6
72.7
70.7
73.2
74
71.4
73.2
72.5
73.6
73
73.7
74.8
73.1
74.1
72.1
73.4
72.5
73.6
74.8
73.2
74.3
72.5
74.7
73.1
73.5
72.9
70.6
72.3
70.8
72.4
73.6
71.3
73.5
71.9
72.8
71.3
72.2
73.6
71.7
73
70.8
72
67.3
68.7
70
69.5
71.3
70.5
72.2
71.5
72.9
74.3
72.3
73.9
72.4
74.8
72.7
73.8
75.9
73.8
75.1
73.9
75.4
76.6
74.6
75.9
73.9
75.7
73.8
74.8
77
73.3
75
73.6
74.2
75.7
74.5
75.5
73.5
75
76.2
74
75.7
72.9
74.3
76.2
74.3
75.5
73.6
74.3
68.5
70.6
73.2
71.2
73
72.2
73.8
75.4
73.8
time 5
Infinity
50
3.5
6.7
9
11
12.7
14.1
15.2
16.1
16.2
16.9
17.1
17.5
17.7
17.7
17.7
17.8
17.3
17.3
17.3
17.2
17.1
17
16.8
16.6
16.1
16
15.8
15.5
15.4
15.3
15
14.9
14.3
14.2
13.9
13.7
13.5
13.3
12.8
12.6
12.5
12.4
12.2
12
11.7
11.7
11.6
11.6
11.7
11.6
11.4
11.4
11.3
11.3
11.3
11.3
11.1
11
11.1
11.1
11.1
11
11
11.1
11.1
